Datetime,Water Level (m)
2025-04-07 06:00:00,-0.5797942
2025-04-07 07:00:00,-0.48148525
2025-04-07 08:00:00,-0.2811866
2025-04-07 09:00:00,-0.021838559
2025-04-07 10:00:00,0.23501275
2025-04-07 11:00:00,0.3906887
2025-04-07 12:00:00,0.45234555
2025-04-07 13:00:00,0.37559453
2025-04-07 14:00:00,0.13369583
2025-04-07 15:00:00,-0.19682969
2025-04-07 16:00:00,-0.51027566
2025-04-07 17:00:00,-0.7219078
2025-04-07 18:00:00,-0.77857095
2025-04-07 19:00:00,-0.7909637
2025-04-07 20:00:00,-0.69579244
2025-04-07 21:00:00,-0.42397383
2025-04-07 22:00:00,-0.14310344
2025-04-07 23:00:00,0.067407526
2025-04-08 00:00:00,0.19973142
2025-04-08 01:00:00,0.24362251
2025-04-08 02:00:00,0.13490076
2025-04-08 03:00:00,-0.11797737
2025-04-08 04:00:00,-0.39002857
2025-04-08 05:00:00,-0.6320517
2025-04-08 06:00:00,-0.75203896
2025-04-08 07:00:00,-0.72314566
2025-04-08 08:00:00,-0.58832115
2025-04-08 09:00:00,-0.3192793
2025-04-08 10:00:00,-0.0029060668
2025-04-08 11:00:00,0.3161624
2025-04-08 12:00:00,0.49927872
2025-04-08 13:00:00,0.53183097
2025-04-08 14:00:00,0.41056988
2025-04-08 15:00:00,0.13983998
2025-04-08 16:00:00,-0.24678256
2025-04-08 17:00:00,-0.62195534
2025-04-08 18:00:00,-0.8784912
2025-04-08 19:00:00,-0.9413565
2025-04-08 20:00:00,-0.90317166
2025-04-08 21:00:00,-0.6453023
2025-04-08 22:00:00,-0.27877063
2025-04-08 23:00:00,0.044522688
2025-04-09 00:00:00,0.29752314
2025-04-09 01:00:00,0.41939592
2025-04-09 02:00:00,0.4280862
2025-04-09 03:00:00,0.22272775
2025-04-09 04:00:00,-0.13374448
2025-04-09 05:00:00,-0.48110938
2025-04-09 06:00:00,-0.802317
2025-04-09 07:00:00,-0.8843342
2025-04-09 08:00:00,-0.8025188
2025-04-09 09:00:00,-0.5713411
2025-04-09 10:00:00,-0.21532579
2025-04-09 11:00:00,0.176062
2025-04-09 12:00:00,0.50152606
2025-04-09 13:00:00,0.62915254
2025-04-09 14:00:00,0.6087744
2025-04-09 15:00:00,0.43896645
2025-04-09 16:00:00,0.041192975
2025-04-09 17:00:00,-0.40327612
2025-04-09 18:00:00,-0.8304665
2025-04-09 19:00:00,-0.9965009
2025-04-09 20:00:00,-1.0128759
2025-04-09 21:00:00,-0.8380308
2025-04-09 22:00:00,-0.4655209
2025-04-09 23:00:00,-0.033839826
2025-04-10 00:00:00,0.31693584
2025-04-10 01:00:00,0.5671192
2025-04-10 02:00:00,0.6292611
2025-04-10 03:00:00,0.511293
2025-04-10 04:00:00,0.19400504
2025-04-10 05:00:00,-0.23029993
2025-04-10 06:00:00,-0.66767675
2025-04-10 07:00:00,-0.9189185
2025-04-10 08:00:00,-0.90676767
2025-04-10 09:00:00,-0.75682795
2025-04-10 10:00:00,-0.45274156
2025-04-10 11:00:00,-0.0029355932
2025-04-10 12:00:00,0.41067925
2025-04-10 13:00:00,0.6922325
2025-04-10 14:00:00,0.76580644
2025-04-10 15:00:00,0.6739302
2025-04-10 16:00:00,0.32378152
2025-04-10 17:00:00,-0.17768617
2025-04-10 18:00:00,-0.6765286
2025-04-10 19:00:00,-1.0322955
2025-04-10 20:00:00,-1.0946423
2025-04-10 21:00:00,-0.9807137
2025-04-10 22:00:00,-0.6337397
2025-04-10 23:00:00,-0.19500238
2025-04-11 00:00:00,0.23209721
2025-04-11 01:00:00,0.61981803
2025-04-11 02:00:00,0.77999216
2025-04-11 03:00:00,0.73895127
2025-04-11 04:00:00,0.5011634
2025-04-11 05:00:00,0.064779766
2025-04-11 06:00:00,-0.44057152
2025-04-11 07:00:00,-0.8897109
2025-04-11 08:00:00,-0.98660815
2025-04-11 09:00:00,-0.91666335
2025-04-11 10:00:00,-0.6587651
2025-04-11 11:00:00,-0.23393802
2025-04-11 12:00:00,0.24458183
2025-04-11 13:00:00,0.63459074
2025-04-11 14:00:00,0.8218667
2025-04-11 15:00:00,0.79486483
2025-04-11 16:00:00,0.5453668
2025-04-11 17:00:00,0.08365076
2025-04-11 18:00:00,-0.43910325
2025-04-11 19:00:00,-0.9569342
2025-04-11 20:00:00,-1.1373713
2025-04-11 21:00:00,-1.1397898
2025-04-11 22:00:00,-0.8709375
2025-04-11 23:00:00,-0.4061784
2025-04-12 00:00:00,0.11523036
2025-04-12 01:00:00,0.5650084
2025-04-12 02:00:00,0.84205604
2025-04-12 03:00:00,0.87811255
2025-04-12 04:00:00,0.708586
2025-04-12 05:00:00,0.3185129
2025-04-12 06:00:00,-0.1964532
2025-04-12 07:00:00,-0.7188689
2025-04-12 08:00:00,-1.0090467
2025-04-12 09:00:00,-1.0198455
2025-04-12 10:00:00,-0.8558628
2025-04-12 11:00:00,-0.48300943
2025-04-12 12:00:00,0.0033741381
2025-04-12 13:00:00,0.45003566
2025-04-12 14:00:00,0.7843013
2025-04-12 15:00:00,0.8540552
2025-04-12 16:00:00,0.7198965
2025-04-12 17:00:00,0.33349758
2025-04-12 18:00:00,-0.2421332
2025-04-12 19:00:00,-0.8561976
2025-04-12 20:00:00,-1.2188895
2025-04-12 21:00:00,-1.2280998
2025-04-12 22:00:00,-1.0345577
2025-04-12 23:00:00,-0.6305019
2025-04-13 00:00:00,-0.11099833
2025-04-13 01:00:00,0.36654657
2025-04-13 02:00:00,0.78512573
2025-04-13 03:00:00,0.92297983
2025-04-13 04:00:00,0.8559313
2025-04-13 05:00:00,0.5641131
2025-04-13 06:00:00,0.06266731
